849.479	2299	1818
849.397	2371	1883
849.314	2321	1789
849.232	2333	1936
849.149	2286	1895
849.067	2339	1913
848.984	2348	1923
848.902	2374	1780
848.819	2310	1906
848.737	2301	1857
848.654	2342	1854
848.572	2360	1907
848.49	2270	1862
848.407	2234	1804
848.325	2165	1805
848.242	2191	1758
848.16	2135	1746
848.077	2109	1717
847.995	2212	1748
847.913	2169	1649
847.83	2113	1761
847.748	2140	1656
847.665	2068	1674
847.583	2080	1689
847.501	2117	1703
847.418	2039	1658
847.336	2138	1646
847.253	2088	1612
847.171	2072	1675
847.089	2063	1672
847.006	2073	1663
846.924	2069	1676
846.842	2206	1636
846.759	2103	1718
846.677	2086	1701
846.595	2050	1755
846.512	2122	1722
846.43	2182	1682
846.348	2094	1744
846.265	2191	1684
846.183	2230	1725
846.101	2195	1746
846.018	2289	1785
845.936	2352	1926
845.854	2278	1867
845.771	2304	1867
845.689	2296	1927
845.607	2295	1875
845.525	2317	1820
845.442	2307	1826
845.36	2493	1984
845.278	2352	1970
845.195	2383	1995
845.113	2388	1930
845.031	2404	1969
844.949	2413	1893
844.866	2352	2013
844.784	2395	1979
844.702	2379	1982
844.62	2393	1968
844.537	2385	2017
844.455	2443	1997
844.373	2440	1969
844.291	2563	2004
844.209	2504	2078
844.126	2661	1979
844.044	2407	2023
843.962	2406	2126
843.88	2493	2106
843.797	2512	2138
843.715	2523	2082
843.633	2531	2071
843.551	2492	2075
843.469	2541	2145
843.387	2505	2054
843.304	2429	2055
843.222	2580	2068
843.14	2571	2014
843.058	2495	2087
842.976	2543	2167
842.894	2589	1999
842.811	2511	1957
842.729	2471	2067
842.647	2453	1985
842.565	2410	1867
842.483	2259	1880
842.401	2357	1907
842.319	2283	1908
842.237	2263	1842
842.154	2222	1902
842.072	2277	1818
841.99	2258	1792
841.908	2257	1828
841.826	2205	1821
841.744	2223	1784
841.662	2283	1810
841.58	2204	1801
841.498	2254	1843
841.416	2276	1843
841.334	2252	1882
841.251	2219	1822
841.169	2309	1784
841.087	2281	1845
841.005	2377	1880
840.923	2268	1800
840.841	2315	1834
840.759	2369	1735
840.677	2340	1886
840.595	2439	1840
840.513	2380	1888
840.431	2361	1828
840.349	2335	1984
840.267	2410	1924
840.185	2471	1945
840.103	2461	2126
840.021	2508	1937
839.939	2440	1990
839.857	2502	2050
839.775	2383	2014
839.693	2510	1954
839.611	2606	2067
839.529	2474	2035
839.447	2574	2089
839.365	2461	2141
839.283	2500	2123
839.201	2561	2049
839.119	2569	2060
839.037	2618	2118
838.955	2569	2082
838.873	2640	2142
838.791	2593	2061
838.709	2549	2048
838.628	2618	2104
838.546	2594	2124
838.464	2579	2146
838.382	2602	2141
838.3	2610	2155
838.218	2709	2068
838.136	2756	2164
838.054	2685	2154
837.972	2624	2019
837.89	2653	2200
837.808	2720	2129
837.727	2653	2191
837.645	2650	2153
837.563	2614	2153
837.481	2637	2210
837.399	2730	2123
837.317	2624	2092
837.235	2602	2084
837.154	2603	2110
837.072	2639	2214
836.99	2715	2093
836.908	2633	2107
836.826	2618	2135
836.744	2610	2134
836.663	2595	2019
836.581	2572	2069
836.499	2513	1988
836.417	2549	1905
836.335	2434	1921
836.253	2383	1996
836.172	2326	1920
836.09	2535	2025
836.008	2437	1920
835.926	2578	1917
835.844	2410	1987
835.763	2336	1957
835.681	2448	1898
835.599	2419	2015
835.517	2466	1938
835.436	2356	1896
835.354	2487	1881
835.272	2440	1929
835.19	2437	1899
835.109	2459	1981
835.027	2410	2007
834.945	2400	1939
834.863	2358	1888
834.782	2417	1970
834.7	2396	1955
834.618	2353	1929
834.536	2317	1967
834.455	2428	1938
834.373	2546	1930
834.291	2341	1912
834.21	2412	1969
834.128	2427	1950
834.046	2461	1917
833.965	2483	1919
833.883	2508	2004
833.801	2456	2042
833.72	2497	1991
833.638	2606	2020
833.556	2587	2055
833.475	2563	2105
833.393	2558	2039
833.311	2621	2066
833.23	2568	2109
833.148	2582	2168
833.066	2622	2053
832.985	2511	2137
832.903	2620	2078
832.821	2592	2151
832.74	2804	2157
832.658	2673	2089
832.577	2619	2105
832.495	2736	2183
832.413	2705	2196
832.332	2695	2188
832.25	2696	2099
832.168	2817	2140
832.087	2632	2175
832.005	2768	2258
831.924	2788	2247
831.842	2830	2075
831.761	2694	2233
831.679	2863	2222
831.597	2837	2200
831.516	2795	2206
831.434	2826	2327
831.353	2726	2285
831.271	2906	2199
831.19	2669	2388
831.108	2883	2323
831.027	2922	2216
830.945	2839	2298
830.864	2753	2191
830.782	2907	2322
830.701	2972	2334
830.619	2792	2284
830.537	2983	2306
830.456	2905	2338
830.374	2803	2350
830.293	2991	2335
830.211	2919	2483
830.13	2890	2378
830.049	3015	2309
829.967	2997	2341
829.886	2998	2427
829.804	3023	2389
829.723	2978	2466
829.641	3003	2336
829.56	2994	2375
829.478	3105	2431
829.397	3023	2427
829.315	3063	2514
829.234	3145	2428
829.152	2937	2398
829.071	2999	2350
828.99	3106	2403
828.908	2897	2340
828.827	3080	2341
828.745	2887	2357
828.664	2972	2378
828.583	2926	2297
828.501	2774	2327
828.42	2928	2292
828.338	2884	2345
828.257	2908	2426
828.176	2961	2371
828.094	2860	2298
828.013	2922	2385
827.931	2923	2215
827.85	2793	2259
827.769	2881	2181
827.687	2640	2126
827.606	2758	2147
827.525	2757	2185
827.443	2734	2230
827.362	2787	2248
827.281	2727	2313
827.199	2755	2148
827.118	2726	2172
827.037	2808	2116
826.955	2743	2155
826.874	2694	2132
826.793	2674	2127
826.711	2697	2145
826.63	2639	2052
826.549	2686	2134
826.467	2681	2243
826.386	2805	2212
826.305	2784	2207
826.224	2753	2263
826.142	2775	2123
826.061	2750	2294
825.98	2764	2154
825.898	2784	2217
825.817	2739	2284
825.736	2932	2285
825.655	2843	2282
825.573	2753	2307
825.492	2838	2313
825.411	2812	2365
825.33	2806	2227
825.248	2764	2344
825.167	2893	2324
825.086	2956	2398
825.005	2862	2342
824.924	2968	2320
824.842	2919	2374
824.761	2827	2328
824.68	2976	2310
824.599	2858	2373
824.518	3068	2315
824.436	2923	2534
824.355	2966	2477
824.274	3009	2462
824.193	2958	2445
824.112	2989	2450
824.03	2944	2465
823.949	3123	2528
823.868	2970	2437
823.787	3128	2512
823.706	3167	2514
823.625	3086	2375
823.544	3154	2383
823.462	3130	2542
823.381	3065	2416
823.3	3050	2442
823.219	2996	2561
823.138	3156	2586
823.057	3071	2478
822.976	3122	2588
822.895	3174	2497
822.813	3125	2500
822.732	3100	2521
822.651	3101	2525
822.57	3191	2505
822.489	3178	2627
822.408	3301	2632
822.327	3140	2578
822.246	3146	2487
822.165	3260	2684
822.084	3169	2626
822.003	3126	2685
821.922	3196	2566
821.84	3250	2650
821.759	3322	2676
821.678	3280	2622
821.597	3256	2676
821.516	3224	2591
821.435	3272	2623
821.354	3237	2708
821.273	3331	2709
821.192	3246	2570
821.111	3287	2705
821.03	3275	2670
820.949	3287	2724
820.868	3302	2689
820.787	3339	2624
820.706	3281	2656
820.625	3233	2638
820.544	3178	2641
820.463	3206	2725
820.382	3292	2700
820.301	3225	2581
820.22	3254	2632
820.139	3259	2692
820.058	3204	2603
819.977	3357	2699
819.896	3396	2686
819.815	3182	2713
819.735	3359	2584
819.654	3218	2681
819.573	3279	2683
819.492	3324	2610
819.411	3193	2706
819.33	3207	2633
819.249	3255	2656
819.168	3232	2667
819.087	3188	2569
819.006	3242	2618
818.925	3230	2527
818.844	3102	2550
818.764	3010	2485
818.683	3100	2484
818.602	3074	2518
818.521	3046	2498
818.44	3148	2549
818.359	3030	2470
818.278	3110	2546
818.197	3117	2567
818.117	3116	2430
818.036	3036	2456
817.955	2908	2436
817.874	2993	2400
817.793	2914	2489
817.712	2970	2496
817.631	2971	2529
817.551	2972	2396
817.47	2985	2428
817.389	2894	2433
817.308	3015	2399
817.227	3040	2465
817.147	3020	2467
817.066	2966	2487
816.985	2995	2584
816.904	2909	2377
816.823	3026	2562
816.743	2990	2526
816.662	2988	2528
816.581	2994	2438
816.5	2932	2390
816.419	3024	2509
816.339	3059	2532
816.258	3081	2453
816.177	3210	2527
816.096	3099	2600
816.016	3074	2616
815.935	3006	2685
815.854	3171	2579
815.773	3091	2534
815.693	3126	2572
815.612	3173	2726
815.531	3288	2633
815.451	3154	2528
815.37	3158	2525
815.289	3079	2607
815.208	3225	2670
815.128	3253	2702
815.047	3193	2708
814.966	3177	2616
814.886	3147	2632
814.805	3203	2732
814.724	3285	2816
814.644	3281	2711
814.563	3280	2768
814.482	3200	2746
814.402	3489	2742
814.321	3185	2775
814.24	3276	2767
814.16	3341	2806
814.079	3430	2786
813.998	3353	2827
813.918	3283	2836
813.837	3285	2738
813.756	3402	2801
813.676	3371	2810
813.595	3394	2835
813.515	3447	2849
813.434	3406	2989
813.353	3516	2816
813.273	3508	2888
813.192	3393	2928
813.112	3562	2968
813.031	3451	2944
812.95	3548	2986
812.87	3602	2830
812.789	3526	2930
812.709	3518	2993
812.628	3582	2953
812.547	3392	2892
812.467	3586	2865
812.386	3446	2945
812.306	3576	2834
812.225	3568	3004
812.145	3529	2839
812.064	3652	2897
811.984	3585	2952
811.903	3594	2980
811.823	3516	2925
811.742	3542	2891
811.662	3654	3029
811.581	3620	2896
811.5	3559	2871
811.42	3647	2896
811.339	3660	2981
811.259	3603	2907
811.178	3640	2962
811.098	3649	2962
811.018	3561	2754
810.937	3568	2998
810.857	3640	2892
810.776	3652	2907
810.696	3532	2853
810.615	3560	2997
810.535	3673	2894
810.454	3656	2911
810.374	3563	3098
810.293	3701	2993
810.213	3791	2946
810.132	3825	3025
810.052	3719	3228
809.972	3666	3033
809.891	3642	2987
809.811	3567	2952
809.73	3642	2996
809.65	3799	3047
809.569	3664	3052
809.489	3806	3152
809.409	3734	2986
809.328	3666	3161
809.248	3677	3033
809.168	3773	3019
809.087	3595	3046
809.007	3765	2929
808.926	3566	3094
808.846	3808	2980
808.766	3784	2991
808.685	3704	3039
808.605	3668	2936
808.525	3768	3023
808.444	3682	3022
808.364	3599	2966
808.284	3582	2978
808.203	3686	2910
808.123	3754	2965
808.043	3763	3024
807.962	3817	3048
807.882	3727	3033
807.802	3739	2972
807.721	3616	2988
807.641	3634	2982
807.561	3689	3008
807.48	3700	3082
807.4	3783	3090
807.32	3824	3062
807.239	3654	2924
807.159	3792	3088
807.079	3721	3118
806.999	3776	3012
806.918	3790	3110
806.838	3687	3033
806.758	3768	3090
806.678	3762	3077
806.597	3668	2965
806.517	3746	3102
806.437	3626	3181
806.357	3741	3002
806.276	3668	3069
806.196	3704	3043
806.116	3656	3012
806.036	3549	2936
805.955	3561	2985
805.875	3648	2918
805.795	3629	2870
805.715	3646	2998
805.635	3689	2867
805.554	3547	2892
805.474	3614	2895
805.394	3630	2945
805.314	3663	2951
805.234	3537	2901
805.154	3528	2999
805.073	3611	2894
804.993	3562	2861
804.913	3696	2914
804.833	3645	3001
804.753	3664	2854
804.673	3738	2912
804.592	3623	2931
804.512	3699	2977
804.432	3669	2979
804.352	3655	2974
804.272	3566	2998
804.192	3567	3052
804.112	3658	3107
804.032	3685	2952
803.951	3726	3021
803.871	3628	3014
803.791	3857	3045
803.711	3654	3064
803.631	3773	3114
803.551	3812	3050
803.471	3814	3119
803.391	3908	3127
803.311	3897	3206
803.231	3828	3031
803.151	3885	3229
803.07	4001	3344
802.99	3825	3198
802.91	4076	3229
802.83	4028	3279
802.75	3866	3159
802.67	3933	3219
802.59	4008	3221
802.51	3934	3167
802.43	3922	3208
802.35	3905	3165
802.27	3947	3264
802.19	3810	3206
802.11	3875	3259
802.03	4095	3322
801.95	4012	3261
801.87	3996	3257
801.79	4078	3235
801.71	3961	3263
801.63	4047	3243
801.55	3989	3315
801.47	4114	3331
801.39	3957	3290
801.31	3963	3382
801.23	3999	3383
801.15	4084	3415
801.07	4214	3407
800.99	4220	3414
800.91	4257	3489
800.83	4164	3559
800.75	4157	3443
800.67	4241	3440
800.591	4149	3446
800.511	4153	3310
800.431	4131	3397
800.351	4156	3523
800.271	4161	3372
800.191	4165	3346
800.111	4184	3375
800.031	4228	3424
799.951	4281	3437
799.871	4307	3427
799.791	4350	3428
799.712	4133	3397
799.632	4326	3452
799.552	4438	3532
799.472	4360	3464
799.392	4198	3392
799.312	4338	3490
799.232	4125	3425
799.152	4149	3523
799.073	4414	3585
798.993	4281	3536
798.913	4288	3583
798.833	4332	3567
798.753	4342	3432
798.673	4246	3468
798.594	4343	3557
798.514	4349	3536
798.434	4266	3545
798.354	4270	3504
798.274	4321	3571
798.194	4417	3698
798.115	4370	3465
798.035	4350	3603
797.955	4346	3555
797.875	4436	3622
797.796	4461	3508
797.716	4516	3635
797.636	4415	3587
797.556	4424	3517
797.476	4374	3582
797.397	4490	3629
797.317	4448	3655
797.237	4373	3596
797.157	4436	3626
797.078	4299	3602
796.998	4441	3649
796.918	4326	3601
796.838	4476	3642
796.759	4486	3620
796.679	4423	3789
796.599	4454	3640
796.52	4342	3662
796.44	4442	3693
796.36	4437	3615
796.28	4231	3591
796.201	4509	3703
796.121	4376	3699
796.041	4459	3475
795.962	4493	3630
795.882	4464	3552
795.802	4178	3420
795.723	4079	3381
795.643	3942	3215
795.563	3724	3264
795.484	3351	2885
795.404	3235	2635
795.324	2884	2399
795.245	2454	2094
795.165	2184	1828
795.085	1779	1566
795.006	1595	1346
794.926	1306	1095
794.846	1010	841
794.767	780	633
794.687	612	558
794.608	456	325
794.528	295	239
794.448	203	192
794.369	152	138
794.289	76	86
794.21	79	73
794.13	56	73
794.05	51	50
793.971	78	62
793.891	50	72
793.812	53	28
793.732	46	47
793.653	69	15
793.573	90	64
793.493	65	54
793.414	67	40
793.334	67	56
793.255	50	59
793.175	24	20
793.096	-2	-10
793.016	18	20
792.937	50	57
792.857	80	76
792.778	78	58
792.698	76	75
792.619	48	-13
792.539	61	50
792.46	42	56
792.38	73	46
792.301	60	46
792.221	76	50
792.142	41	45
792.062	61	62
791.983	67	55
791.903	29	38
791.824	66	72
791.744	78	73
791.665	119	82
791.585	41	35
791.506	29	37
791.426	73	76
791.347	61	102
791.268	60	64
791.188	76	70
791.109	61	52
791.029	95	47
790.95	58	59
790.87	69	58
790.791	95	68
790.712	62	66
790.632	64	35
790.553	76	53
790.473	77	63
790.394	128	87
790.315	47	42
790.235	93	64
790.156	73	62
790.077	91	71
789.997	71	67
789.918	73	90
789.838	106	79
789.759	91	75
789.68	70	41
789.6	105	96
789.521	75	92
789.442	79	58
789.362	98	71
789.283	86	87
789.204	77	43
789.124	114	98
789.045	78	95
788.966	82	81
788.886	52	78
788.807	83	19
788.728	55	31
788.649	103	40
788.569	83	77
788.49	134	85
788.411	53	34
788.331	94	104
788.252	69	65
788.173	88	58
788.094	91	101
788.014	40	40
787.935	74	86
787.856	95	44
787.777	68	78
787.697	87	91
787.618	114	100
787.539	98	90
787.46	111	63
787.38	82	63
787.301	72	113
787.222	95	62
787.143	68	55
787.064	74	54
786.984	65	61
786.905	75	80
786.826	109	46
786.747	62	48
786.668	61	103
786.588	91	68
786.509	96	64
786.43	81	73
786.351	63	70
786.272	92	40
786.192	74	61
786.113	91	55
786.034	116	99
785.955	59	63
785.876	38	46
785.797	60	81
785.718	83	54
785.638	96	47
785.559	64	59
785.48	73	36
785.401	104	69
785.322	99	90
785.243	82	64
785.164	50	72
785.085	88	57
785.006	91	84
784.926	75	63
784.847	91	78
784.768	91	85
784.689	88	75
784.61	123	81
784.531	70	70
784.452	49	69
784.373	85	85
784.294	72	64
784.215	96	100
784.136	117	119
784.057	100	76
783.978	67	72
783.899	96	35
783.82	84	61
783.74	57	42
783.661	110	78
783.582	45	109
783.503	91	80
783.424	94	84
783.345	49	61
783.266	99	86
783.187	63	61
783.108	103	70
783.029	48	38
782.95	80	36
782.871	78	43
782.792	119	65
782.713	78	61
782.634	65	68
782.555	61	66
782.477	119	75
782.398	54	68
782.319	71	63
782.24	83	65
782.161	74	72
782.082	84	53
782.003	95	77
781.924	86	69
781.845	47	76
781.766	88	57
781.687	73	54
781.608	59	56
781.529	97	47
781.45	91	77
781.371	90	77
781.293	101	78
781.214	100	84
781.135	79	49
781.056	85	60
780.977	77	66
780.898	76	58
780.819	56	55
780.74	91	71
780.661	51	64
780.583	80	61
780.504	97	86
780.425	102	93
780.346	79	62
780.267	67	74
780.188	60	48
780.11	106	62
780.031	82	86
779.952	84	77
779.873	91	55
779.794	69	60
779.715	82	51
779.637	90	104
779.558	75	41
779.479	73	93
779.4	80	118
779.321	114	92
779.243	96	91
779.164	53	-7
779.085	16	8
779.006	71	49
778.927	81	56
778.849	111	111
778.77	74	39
778.691	85	77
778.612	84	99
778.534	66	35
778.455	67	65
778.376	97	45
778.297	100	65
778.219	90	60
778.14	94	103
778.061	92	40
777.983	64	66
777.904	46	64
777.825	85	74
777.746	116	59
777.668	112	111
777.589	94	60
777.51	58	71
777.432	83	94
777.353	77	100
777.274	69	73
777.196	44	23
777.117	98	69
777.038	50	60
776.96	128	75
776.881	54	77
776.802	104	67
776.724	89	79
776.645	68	75
776.566	113	40
776.488	98	82
776.409	93	72
776.33	94	81
776.252	90	84
776.173	76	88
776.094	140	118
776.016	164	123
775.937	223	174
775.859	233	247
775.78	416	351
775.701	514	454
775.623	817	651
775.544	1085	846
775.466	1470	1237
775.387	1866	1592
775.308	2339	1875
775.23	2751	2221
775.151	3162	2625
775.073	3439	2875
774.994	3826	3197
774.916	4241	3567
774.837	4623	3757
774.759	4794	3955
774.68	5065	4247
774.601	5315	4494
774.523	5541	4784
774.444	5746	4778
774.366	5908	4850
774.287	5796	4921
774.209	6124	4971
774.13	6041	5004
774.052	6166	5119
773.973	6085	5128
773.895	6145	5126
773.816	6211	5184
773.738	6292	5142
773.659	6199	5195
773.581	6265	5270
773.502	6302	5338
773.424	6165	4967
773.345	6319	5368
773.267	6509	5254
773.188	6308	5178
773.11	6238	5364
773.032	6323	5197
772.953	6228	5256
772.875	6361	5239
772.796	6279	5289
772.718	6507	5139
772.639	6317	5309
772.561	6426	5334
772.482	6450	5296
772.404	6320	5300
772.326	6175	5237
772.247	6149	5196
772.169	6250	5216
772.09	6302	5101
772.012	6282	5117
771.934	6277	5199
771.855	6384	5211
771.777	6276	5275
771.698	6354	5235
771.62	6264	5291
771.542	6269	5112
771.463	6490	5318
771.385	6518	5292
771.307	6394	5314
771.228	6351	5347
771.15	6444	5152
771.072	6372	5426
770.993	6228	5280
770.915	6503	5329
770.837	6329	5320
770.758	6365	5422
770.68	6378	5437
770.602	6501	5323
770.523	6351	5313
770.445	6377	5405
770.367	6477	5472
770.288	6359	5389
770.21	6286	5331
770.132	6452	5292
770.053	6337	5247
769.975	6465	5350
769.897	6441	5328
769.819	6400	5288
769.74	6334	5323
769.662	6335	5489
769.584	6473	5413
769.505	6373	5237
769.427	6510	5417
769.349	6536	5510
769.271	6440	5519
769.192	6490	5582
769.114	6592	5421
769.036	6637	5538
768.958	6626	5625
768.879	6743	5579
768.801	6690	5584
768.723	6589	5872
768.645	6624	5819
768.567	6855	5633
768.488	6712	5707
768.41	6721	5800
768.332	6701	5583
768.254	6638	5615
768.176	6698	5622
768.097	6503	5750
768.019	6822	5522
767.941	6589	5516
767.863	6782	5747
767.785	6633	5649
767.707	6666	5647
767.628	6732	5736
767.55	6723	5653
767.472	6736	5610
767.394	6756	5657
767.316	6750	5831
767.238	6673	5815
767.159	6714	5748
767.081	6723	5615
767.003	6806	5643
766.925	6879	5827
766.847	6842	5809
766.769	6643	5838
766.691	6866	5836
766.613	6906	5790
766.535	6921	5814
766.456	6961	5885
766.378	6719	5825
766.3	6866	5911
766.222	6755	5843
766.144	6766	5715
766.066	6912	5984
765.988	6845	5862
765.91	6944	5848
765.832	7014	5792
765.754	6813	5648
765.676	6867	5677
765.598	7016	5827
765.52	6830	5853
765.442	6799	5751
765.364	6888	5703
765.285	6708	5885
765.207	6856	5751
765.129	6828	5908
765.051	6715	5638
764.973	6851	5880
764.895	6811	5792
764.817	6889	5747
764.739	6917	5742
764.661	6973	6044
764.583	7142	5805
764.505	7137	5896
764.427	6965	6056
764.349	6945	5966
764.271	6998	5811
764.193	6945	6032
764.115	6874	5898
764.038	7112	6186
763.96	7132	6064
763.882	7103	5935
763.804	6945	5818
763.726	6917	6182
763.648	7062	5936
763.57	7091	6206
763.492	6894	6051
763.414	7255	5961
763.336	7042	6040
763.258	6972	6064
763.18	7161	5931
763.102	7098	5888
763.024	7061	5906
762.946	7097	5858
762.869	6952	6186
762.791	6827	5851
762.713	6910	6085
762.635	6957	6002
762.557	7020	5897
762.479	7165	5892
762.401	6937	6068
762.323	7265	6069
762.245	7167	6156
762.168	7144	6219
762.09	7135	6056
762.012	7224	6237
761.934	7288	6376
761.856	7341	6316
761.778	7272	6325
761.7	7498	6331
761.623	7412	6406
761.545	7394	6297
761.467	7347	6346
761.389	7268	6174
761.311	7349	6280
761.234	7429	6423
761.156	7502	6317
761.078	7520	6588
761	7482	6372
760.922	7425	6419
760.845	7536	6459
760.767	7581	6314
760.689	7545	6493
760.611	7618	6507
760.533	7675	6464
760.456	7370	6658
760.378	7472	6324
760.3	7252	6504
760.222	7537	6544
760.145	7406	6521
760.067	7626	6516
759.989	7620	6501
759.911	7572	6635
759.834	7530	6899
759.756	7636	6657
759.678	7673	6585
759.6	7726	6809
759.523	7718	6790
759.445	7833	6636
759.367	7830	6666
759.29	7814	6954
759.212	7834	6819
759.134	7968	6709
759.056	7952	6746
758.979	7938	6759
758.901	8005	6966
758.823	7801	6861
758.746	7916	6929
758.668	7947	6737
758.59	7743	7079
758.513	7816	6745
758.435	7915	6888
758.357	7935	6947
758.28	7895	6804
758.202	7824	6561
758.124	7721	6580
758.047	7872	6708
757.969	7713	6923
757.892	7989	6803
757.814	7811	6884
757.736	7745	6911
757.659	7837	6670
757.581	7792	6850
757.503	7797	6669
757.426	7577	6729
757.348	7573	6675
757.271	7607	6838
757.193	7736	6786
757.115	7560	6909
757.038	7811	6791
756.96	7811	6887
756.883	7875	6872
756.805	7818	6858
756.728	7709	6869
756.65	7992	6843
756.572	7861	6845
756.495	7879	6987
756.417	7908	6690
756.34	8044	6953
756.262	7711	6969
756.185	7751	6813
756.107	7767	6849
756.03	7691	6919
755.952	7914	6805
755.875	7734	6928
755.797	7851	6836
755.72	7855	6701
755.642	7785	7064
755.565	7707	6824
755.487	7972	6838
755.41	7667	6885
755.332	7677	6847
755.255	7676	6793
755.177	7762	6865
755.1	8115	6796
755.022	7878	6869
754.945	8127	6950
754.867	7939	6913
754.79	7891	6992
754.712	7876	7070
754.635	7838	7026
754.557	8104	6863
754.48	7946	7043
754.403	7904	7015
754.325	7951	7120
754.248	7931	7208
754.17	7950	6979
754.093	8029	7080
754.015	7858	7072
753.938	7995	6976
753.861	7851	7186
753.783	8122	7353
753.706	8155	7143
753.628	7991	7233
753.551	8038	6981
753.474	8039	7107
753.396	7927	7106
753.319	7845	7101
753.241	7946	7198
753.164	7842	7175
753.087	7862	7062
753.009	7891	6994
752.932	8011	7262
752.855	7817	7141
752.777	8033	7124
752.7	7967	7065
752.623	7853	7149
752.545	7978	7146
752.468	7941	7176
752.391	7926	7167
752.313	8071	7317
752.236	8043	7185
752.159	8050	7321
752.081	8000	7047
752.004	8098	7331
751.927	8181	7364
751.849	8082	7468
751.772	8315	7427
751.695	8340	7337
751.618	8272	7356
751.54	8085	7621
751.463	8388	7421
751.386	8229	7342
751.308	8430	7468
751.231	8258	7369
751.154	8447	7376
751.077	8194	7440
750.999	8275	7453
750.922	8284	7617
750.845	8379	7493
750.768	8301	7542
750.69	8202	7478
750.613	8199	7626
750.536	8302	7580
750.459	8193	7463
750.382	8395	7374
750.304	8407	7471
750.227	8602	7723
750.15	8666	7523
750.073	8524	7538
749.995	8431	7732
749.918	8457	7722
749.841	8645	7795
749.764	8622	7875
749.687	8827	7804
749.61	8603	7770
749.532	8790	7829
749.455	8674	7763
749.378	8790	8028
749.301	8803	7997
749.224	8500	8126
749.147	8878	7993
749.069	8832	8084
748.992	8685	7996
748.915	9018	7945
748.838	8612	8135
748.761	8797	7916
748.684	8766	7876
748.607	8775	7992
748.53	8867	7678
748.452	8668	7863
748.375	8677	7803
748.298	8658	8030
748.221	8545	7948
748.144	8698	7830
748.067	8502	7831
747.99	8616	7851
747.913	8473	7882
747.836	8635	7919
747.759	8601	7805
747.682	8585	7895
747.604	8568	7843
747.527	8616	8056
747.45	8498	7713
747.373	8693	7616
747.296	8699	8059
747.219	8803	7963
747.142	8724	8043
747.065	8697	8076
746.988	9004	8077
746.911	8918	8055
746.834	8841	8190
746.757	8838	7881
746.68	8927	8081
746.603	8771	7992
746.526	8990	8101
746.449	8720	8015
746.372	9062	8170
746.295	8996	8294
746.218	8896	8076
746.141	8816	8077
746.064	8928	7974
745.987	8821	8042
745.91	8547	8058
745.833	8856	8033
745.756	8784	8006
745.679	8777	7939
745.602	8773	8069
745.525	8855	7930
745.448	8615	8141
745.371	8758	8092
745.294	8848	8217
745.217	8771	8043
745.141	8670	7947
745.064	8783	8025
744.987	8656	8014
744.91	8928	8156
744.833	8682	8058
744.756	8835	7890
744.679	8816	7877
744.602	9056	8179
744.525	9162	8002
744.448	9227	8276
744.371	9196	8534
744.295	9107	8120
744.218	9148	8462
744.141	9123	8367
744.064	9080	8188
743.987	9038	8122
743.91	9124	8340
743.833	9186	8383
743.757	8994	8192
743.68	9015	8374
743.603	9251	8436
743.526	9051	8470
743.449	9151	8503
743.372	9199	8341
743.296	9180	8568
743.219	8982	8384
743.142	9060	8268
743.065	9298	8474
742.988	9427	8264
742.911	9389	8439
742.835	9368	8537
742.758	9352	8449
742.681	9398	8551
742.604	9613	8373
742.527	9314	8797
742.451	9552	8638
742.374	9434	8660
742.297	9469	8532
742.22	9435	8630
742.144	9424	8780
742.067	9588	8646
741.99	9288	8758
741.913	9685	8820
741.837	9483	8580
741.76	9627	8757
741.683	9535	8952
741.606	9518	8818
741.53	9508	8927
741.453	9611	8493
741.376	9575	8769
741.299	9571	8661
741.223	9651	8842
741.146	9482	8731
741.069	9426	8484
740.993	9547	8585
740.916	9623	8716
740.839	9396	8695
740.763	9497	8673
740.686	9305	8615
740.609	9377	8743
740.533	9293	8467
740.456	9491	8555
740.379	9262	8537
740.303	9240	8523
740.226	9459	8505
740.149	9296	8489
740.073	9277	8549
739.996	9388	8556
739.919	9475	8755
739.843	9423	8645
739.766	9449	8783
739.689	9363	8677
739.613	9520	8511
739.536	9452	8706
739.46	9598	8770
739.383	9512	8874
739.306	9584	8753
739.23	9784	8791
739.153	9637	9021
739.076	9598	8803
739	9565	8921
738.923	9730	8956
738.847	9609	8884
738.77	9818	8921
738.694	9571	8845
738.617	9704	9040
738.54	9684	8969
738.464	9580	8950
738.387	9699	8835
738.311	9620	8840
738.234	9643	8989
738.158	9596	8924
738.081	9741	8854
738.005	10017	8953
737.928	9690	9103
737.852	9750	9070
737.775	9838	8997
737.699	9966	9037
737.622	10032	9262
737.545	9906	9011
737.469	10086	9177
737.392	10016	9109
737.316	10288	9340
737.239	10178	9311
737.163	10158	9373
737.087	10149	9209
737.01	10196	9330
736.934	10260	9523
736.857	10337	9468
736.781	10083	9447
736.704	10516	9401
736.628	10327	9467
736.551	10478	9497
736.475	10576	9243
736.398	10050	9399
736.322	10244	9529
736.245	10316	9594
736.169	10385	9375
736.093	10252	9323
736.016	10184	9490
735.94	10199	9261
735.863	10112	9450
735.787	10158	9161
735.711	10161	9260
735.634	10222	9343
735.558	10093	9209
735.481	10169	9308
735.405	9946	9158
735.329	10042	9217
735.252	10261	9379
735.176	10011	9591
735.099	10062	9230
735.023	10219	9428
734.947	10072	9255
734.87	9982	9318
734.794	10095	9453
734.718	10088	9467
734.641	10121	9331
734.565	10098	9406
734.489	10112	9395
734.412	9998	9384
734.336	10305	9361
734.26	10090	9553
734.183	10282	9343
734.107	10241	9433
734.031	10317	9392
733.954	10240	9514
733.878	10199	9420
733.802	10274	9402
733.725	10320	9532
733.649	10223	9579
733.573	10334	9566
733.497	10298	9457
733.42	10150	9572
733.344	10465	9531
733.268	10421	9666
733.191	10333	9453
733.115	10391	9494
733.039	10432	9516
732.963	10340	9731
732.886	10406	9535
732.81	10262	9637
732.734	10495	9820
732.658	10597	9601
732.581	10480	9596
732.505	10480	9641
732.429	10607	9722
732.353	10604	9905
732.277	10822	9795
732.2	10659	9708
732.124	10854	9666
732.048	10602	9722
731.972	10747	9831
731.896	10633	9929
731.819	10792	9813
731.743	10634	9861
731.667	10796	9715
731.591	10360	9801
731.515	10425	9596
731.438	10636	9768
731.362	10462	9774
731.286	10418	9620
731.21	10415	9641
731.134	10277	9506
731.058	10267	9537
730.982	10491	9525
730.905	10520	9708
730.829	10441	9714
730.753	10401	9867
730.677	10502	9724
730.601	10528	9700
730.525	10523	9800
730.449	10601	9795
730.373	10762	9837
730.296	10698	9869
730.22	10614	9874
730.144	10493	9781
730.068	10527	9790
729.992	10701	9751
729.916	10660	9924
729.84	10672	9927
729.764	10681	9750
729.688	10746	10010
729.612	10888	9930
729.536	10846	10065
729.46	10621	10069
729.383	10674	10004
729.307	10862	9932
729.231	11092	10154
729.155	10856	10321
729.079	10879	10058
729.003	10896	9992
728.927	10845	9840
728.851	10729	9988
728.775	10820	10169
728.699	10859	9949
728.623	10995	9867
728.547	10806	10129
728.471	10934	9819
728.395	10769	10144
728.319	10857	10077
728.243	11144	10038
728.167	11121	10073
728.091	10866	10127
728.015	10997	9997
727.939	11026	10149
727.863	11079	10140
727.787	10918	10196
727.711	11131	10267
727.635	11209	10022
727.559	10999	10109
727.483	10817	9929
727.408	11021	9998
727.332	10566	10018
727.256	10845	10206
727.18	10915	10071
727.104	10851	9960
727.028	10684	10090
726.952	10864	9926
726.876	10825	9930
726.8	10935	9821
726.724	10891	10020
726.648	10611	10029
726.572	10754	9784
726.497	10768	9927
726.421	10873	9881
726.345	10875	10019
726.269	10582	9906
726.193	10883	10121
726.117	10727	10002
726.041	10937	10082
725.965	10879	9929
725.89	11077	10096
725.814	10857	10026
725.738	10952	10102
725.662	11129	10142
725.586	10950	10383
725.51	11051	10342
725.434	11041	10374
725.359	11053	10206
725.283	11206	10258
725.207	11380	10315
725.131	11143	10499
725.055	11355	10308
724.98	11259	10501
724.904	11322	10154
724.828	11185	10436
724.752	11219	10385
724.676	11256	10409
724.601	11182	10291
724.525	11142	10460
724.449	11355	10294
724.373	11248	10336
724.297	11228	10483
724.222	11313	10372
724.146	11348	10230
724.07	11366	10674
723.994	11108	10451
723.919	11242	10308
723.843	11270	10588
723.767	11507	10411
723.691	11545	10424
723.616	11310	10375
723.54	11400	10512
723.464	11204	10452
723.389	11326	10481
723.313	11312	10148
723.237	11271	10361
723.161	11129	10414
723.086	11124	10372
723.01	11096	10453
